Commit,Words,Delta
1, 3271, 3271
2, 3287, 16
3, 3387, 100
4, 3387, 0
5, 3387, 0
6, 3387, 0
7, 3387, 0
8, 3393, 6
9, 3493, 100
10, 3914, 421
11, 3956, 42
12, 4118, 162
13, 4882, 764
14, 4883, 1
15, 4885, 2
16, 5137, 252
17, 5505, 368
18, 5505, 0
19, 5518, 13
20, 5543, 25
21, 6020, 477
22, 6216, 196
23, 6356, 140
24, 6429, 73
25, 6429, 0
26, 6429, 0
27, 6453, 24
28, 6537, 84
29, 6729, 192
30, 6955, 226
31, 6955, 0
32, 7139, 184
33, 7139, 0
34, 7196, 57
35, 7625, 429
36, 7691, 66
37, 8059, 368
38, 8059, 0
39, 8061, 2
40, 8061, 0
41, 8257, 196
42, 8533, 276
43, 8877, 344
44, 8969, 92
45, 9446, 477
46, 9574, 128
47, 9640, 66
48, 9851, 211
49, 9904, 53
50, 10210, 306
51, 10210, 0
52, 11060, 850
53, 11068, 8
54, 11068, 0
55, 11304, 236
56, 11639, 335
57, 11639, 0
58, 11677, 38
59, 11857, 180
60, 11857, 0
61, 11877, 20
62, 12118, 241
63, 12312, 194
64, 12571, 259
65, 12726, 155
66, 12726, 0
67, 12726, 0
68, 12800, 74
69, 13047, 247
70, 13047, 0
71, 13324, 277
72, 13672, 348
73, 13947, 275
74, 14094, 147
75, 14094, 0
76, 14249, 155
77, 14385, 136
78, 14550, 165
79, 14550, 0
80, 14665, 115
81, 15116, 451
82, 15315, 199
83, 15315, 0
84, 15518, 203
85, 15559, 41
86, 15565, 6
87, 15565, 0
88, 15735, 170
89, 15901, 166
90, 16011, 110
91, 16323, 312
92, 16323, 0
93, 16458, 135
94, 16782, 324
95, 17223, 441
96, 17932, 709
97, 18719, 787
98, 18818, 99
99, 18818, 0
100, 19325, 507
101, 19817, 492
102, 20321, 504
103, 20648, 327
104, 21122, 474
105, 21494, 372
106, 22040, 546
107, 22344, 304
108, 22333, -11
109, 22333, 0
110, 22341, 8
111, 22341, 0
112, 22341, 0
113, 22734, 393
114, 22829, 95
115, 22829, 0
116, 23046, 217
117, 23240, 194
118, 23240, 0
119, 23353, 113
120, 23710, 357
121, 23796, 86
122, 24023, 227
123, 24023, 0
124, 24023, 0
125, 24435, 412
126, 24460, 25
127, 24522, 62
128, 24713, 191
129, 24932, 219
130, 25000, 68
131, 25137, 137
132, 25382, 245
133, 25382, 0
134, 25528, 146
135, 25528, 0
136, 26164, 636
137, 26164, 0
138, 26223, 59
139, 26692, 469
140, 27023, 331
141, 27138, 115
142, 27165, 27
143, 27165, 0
144, 27455, 290
145, 27455, 0
149, 28028, 573
150, 28152, 124
151, 28152, 0
152, 28152, 0
153, 28509, 357
154, 28930, 421
155, 29112, 182
156, 29354, 242
157, 29354, 0
158, 29476, 122
159, 29541, 65
160, 29673, 132
161, 29673, 0
162, 29782, 109
163, 29882, 100
164, 30150, 268
165, 30214, 64
166, 30214, 0
167, 30217, 3
168, 30217, 0
169, 30217, 0
170, 30580, 363
171, 30580, 0
172, 30680, 100
173, 31234, 554
174, 31232, -2
175, 31331, 99
176, 31516, 185
177, 32078, 562
178, 32078, 0
179, 32099, 21
180, 32099, 0
181, 32260, 161
182, 32296, 36
183, 32706, 410
184, 32875, 169
185, 33040, 165
186, 33076, 36
187, 33076, 0
188, 33123, 47
189, 33143, 20
190, 33143, 0
191, 33143, 0
192, 33143, 0
193, 33143, 0
194, 33418, 275
195, 33418, 0
196, 33441, 23
197, 33443, 2
198, 33493, 50
199, 33606, 113
200, 33663, 57
201, 33993, 330
202, 33994, 1
203, 34505, 511
204, 34769, 264
205, 35004, 235
206, 35016, 12
207, 35011, -5
208, 35207, 196
209, 35586, 379
210, 35586, 0
211, 35823, 237
212, 35823, 0
213, 36603, 780
214, 36604, 1
215, 36656, 52
216, 36899, 243
217, 36899, 0
218, 36917, 18
219, 36917, 0
220, 37083, 166
225, 37201, 118
