Commit,Words,Delta
4, 14784, 14784
5, 14784, 0
6, 15061, 277
7, 15061, 0
8, 15078, 17
9, 15735, 657
10, 15752, 17
11, 15772, 20
12, 15787, 15
13, 16273, 486
14, 16285, 12
16, 16255, -30
17, 16266, 11
18, 16562, 296
19, 16614, 52
20, 16623, 9
21, 16992, 369
22, 17121, 129
23, 17124, 3
24, 17521, 397
25, 17551, 30
26, 17590, 39
27, 17590, 0
28, 18115, 525
30, 18146, 31
31, 18152, 6
32, 18277, 125
33, 18277, 0
34, 18277, 0
37, 18277, 0
39, 18433, 156
40, 18533, 100
41, 18545, 12
42, 18642, 97
43, 19034, 392
44, 19181, 147
45, 19181, 0
46, 19798, 617
47, 19850, 52
48, 20113, 263
49, 20375, 262
50, 20393, 18
51, 20517, 124
52, 20553, 36
53, 20850, 297
54, 17014, -3836
56, 21195, 4181
57, 21195, 0
58, 21469, 274
59, 17014, -4455
61, 21707, 4693
62, 21707, 0
63, 21722, 15
64, 22019, 297
65, 17014, -5005
66, 22120, 5106
67, 22120, 0
68, 17236, -4884
69, 17236, 0
70, 17539, 303
71, 17793, 254
72, 17793, 0
73, 22428, 4635
74, 22469, 41
75, 22469, 0
76, 22960, 491
77, 23229, 269
78, 23229, 0
79, 23440, 211
80, 23440, 0
81, 18282, -5158
82, 18288, 6
83, 23606, 5318
84, 23606, 0
85, 18377, -5229
86, 23659, 5282
87, 23680, 21
88, 23303, -377
89, 18377, -4926
90, 23706, 5329
91, 18377, -5329
92, 18373, -4
93, 23315, 4942
94, 23500, 185
95, 23500, 0
96, 23846, 346
98, 23706, -140
99, 23713, 7
100, 23713, 0
101, 23197, -516
102, 23719, 522
103, 23725, 6
104, 23367, -358
105, 23706, 339
106, 23728, 22
107, 23743, 15
108, 23599, -144
109, 23802, 203
110, 23706, -96
111, 23682, -24
112, 23706, 24
113, 23706, 0
114, 23969, 263
115, 23989, 20
116, 23989, 0
117, 23719, -270
120, 23706, -13
121, 24224, 518
122, 23713, -511
123, 24224, 511
124, 24237, 13
125, 23732, -505
126, 24014, 282
127, 24237, 223
128, 24014, -223
129, 23996, -18
130, 24440, 444
131, 24061, -379
132, 24063, 2
133, 24132, 69
134, 24620, 488
135, 24132, -488
136, 24620, 488
138, 24620, 0
139, 24014, -606
140, 21016, -2998
141, 21039, 23
142, 21198, 159
143, 21198, 0
144, 21342, 144
145, 21763, 421
146, 22138, 375
147, 22324, 186
148, 22340, 16
149, 22385, 45
150, 22634, 249
151, 22732, 98
152, 22820, 88
153, 22988, 168
154, 23056, 68
155, 23056, 0
156, 23396, 340
157, 23396, 0
158, 23402, 6
159, 23982, 580
160, 23982, 0
161, 24096, 114
162, 24096, 0
163, 24154, 58
164, 24166, 12
165, 24228, 62
166, 24398, 170
167, 24909, 511
168, 25080, 171
169, 25436, 356
170, 25513, 77
171, 25840, 327
172, 25943, 103
173, 25943, 0
174, 26081, 138
175, 26210, 129
176, 26658, 448
177, 26664, 6
178, 26945, 281
179, 27499, 554
180, 27887, 388
181, 28281, 394
182, 28472, 191
183, 28486, 14
184, 28494, 8
187, 28928, 434
188, 28928, 0
189, 28928, 0
190, 29155, 227
191, 29292, 137
192, 29292, 0
193, 29292, 0
194, 29839, 547
195, 29869, 30
196, 30111, 242
197, 30111, 0
198, 30421, 310
199, 30565, 144
200, 30565, 0
201, 30945, 380
202, 31259, 314
203, 31409, 150
204, 31459, 50
205, 31559, 100
206, 31559, 0
207, 31560, 1
208, 31560, 0
210, 32494, 934
211, 32495, 1
212, 32495, 0
213, 34715, 2220
214, 32495, -2220
215, 34982, 2487
216, 32495, -2487
217, 35009, 2514
218, 32495, -2514
219, 35009, 2514
220, 32495, -2514
221, 31566, -929
222, 35017, 3451
226, 35016, -1
228, 32092, -2924
229, 32092, 0
230, 32105, 13
231, 32156, 51
232, 32229, 73
233, 32338, 109
234, 35087, 2749
235, 32358, -2729
236, 32424, 66
237, 32624, 200
238, 32624, 0
239, 32708, 84
240, 32950, 242
241, 33252, 302
242, 33290, 38
243, 33290, 0
244, 33290, 0
245, 35657, 2367
246, 35670, 13
247, 35671, 1
248, 35671, 0
249, 33387, -2284
250, 33387, 0
251, 35671, 2284
252, 35673, 2
253, 35930, 257
254, 35930, 0
255, 36342, 412
256, 36522, 180
257, 36522, 0
258, 36522, 0
259, 33558, -2964
260, 33665, 107
261, 36522, 2857
262, 33665, -2857
263, 33800, 135
264, 33800, 0
265, 34063, 263
266, 34152, 89
267, 34152, 0
268, 34325, 173
269, 34462, 137
270, 34494, 32
271, 34636, 142
272, 36727, 2091
273, 34717, -2010
274, 34717, 0
275, 37013, 2296
276, 37013, 0
277, 34771, -2242
278, 34717, -54
279, 40218, 5501
283, 34771, -5447
284, 40510, 5739
285, 34717, -5793
286, 34771, 54
287, 40834, 6063
288, 41030, 196
289, 41030, 0
290, 41082, 52
291, 41082, 0
292, 35075, -6007
293, 35256, 181
294, 34717, -539
295, 41567, 6850
296, 41569, 2
297, 41569, 0
298, 41569, 0
299, 35181, -6388
300, 35181, 0
301, 35793, 612
302, 35793, 0
303, 41921, 6128
304, 35793, -6128
305, 42347, 6554
306, 35829, -6518
307, 35937, 108
308, 42639, 6702
309, 42928, 289
310, 42928, 0
311, 42928, 0
312, 35605, -7323
313, 35737, 132
314, 35737, 0
315, 35857, 120
316, 36431, 574
317, 37442, 1011
318, 37459, 17
319, 37478, 19
320, 37479, 1
321, 45439, 7960
322, 45439, 0
323, 45524, 85
324, 45643, 119
325, 45643, 0
326, 37641, -8002
327, 37641, 0
328, 37641, 0
329, 38216, 575
330, 38220, 4
331, 38220, 0
332, 38579, 359
333, 38579, 0
334, 38579, 0
335, 38669, 90
336, 38733, 64
337, 45981, 7248
338, 45981, 0
339, 45981, 0
340, 46199, 218
341, 46664, 465
342, 46664, 0
343, 38753, -7911
344, 46965, 8212
345, 46965, 0
346, 48242, 1277
347, 48271, 29
348, 39006, -9265
349, 39162, 156
350, 39439, 277
351, 39439, 0
352, 39786, 347
353, 39795, 9
354, 39801, 6
355, 39868, 67
356, 39879, 11
357, 39879, 0
358, 40015, 136
359, 40015, 0
360, 40015, 0
361, 40015, 0
362, 40071, 56
363, 40071, 0
364, 40091, 20
365, 40178, 87
366, 40428, 250
367, 40630, 202
368, 40659, 29
369, 40662, 3
370, 48410, 7748
371, 50320, 1910
372, 50377, 57
373, 50377, 0
374, 50377, 0
375, 50377, 0
376, 50384, 7
377, 50388, 4
378, 50413, 25
382, 50413, 0
386, 40662, -9751
387, 40780, 118
388, 41119, 339
389, 41119, 0
390, 41291, 172
391, 41396, 105
392, 41396, 0
393, 41513, 117
394, 41513, 0
395, 41513, 0
396, 41513, 0
397, 51264, 9751
398, 55013, 3749
399, 55013, 0
