Commit,Words,Delta
55, 15237, 15237
56, 15585, 348
57, 15585, 0
58, 15709, 124
59, 15764, 55
60, 15909, 145
61, 16266, 357
62, 16578, 312
63, 17035, 457
64, 17035, 0
65, 17035, 0
66, 17189, 154
67, 17478, 289
68, 17583, 105
69, 17736, 153
70, 18058, 322
71, 18326, 268
72, 18677, 351
73, 19091, 414
74, 19091, 0
75, 19313, 222
76, 19411, 98
77, 19411, 0
78, 19485, 74
79, 20097, 612
80, 20448, 351
81, 20904, 456
82, 21174, 270
83, 21466, 292
84, 21827, 361
85, 22028, 201
86, 22028, 0
87, 22368, 340
88, 22368, 0
89, 22592, 224
90, 22888, 296
91, 23291, 403
92, 23372, 81
93, 23773, 401
94, 23837, 64
95, 23920, 83
96, 24298, 378
97, 24387, 89
98, 24387, 0
99, 24639, 252
100, 24831, 192
101, 24946, 115
102, 25163, 217
103, 25224, 61
104, 25381, 157
105, 25517, 136
106, 25550, 33
107, 25659, 109
108, 25675, 16
109, 26006, 331
110, 26157, 151
111, 26240, 83
112, 26346, 106
113, 26419, 73
114, 26476, 57
115, 26608, 132
116, 26743, 135
117, 26743, 0
118, 27321, 578
119, 27381, 60
120, 27695, 314
122, 27695, 0
123, 27872, 177
124, 27881, 9
125, 27881, 0
126, 27996, 115
127, 28329, 333
128, 28505, 176
129, 28830, 325
130, 28900, 70
131, 29256, 356
132, 29256, 0
133, 29256, 0
134, 29270, 14
135, 29541, 271
136, 29541, 0
137, 29899, 358
138, 30107, 208
139, 30120, 13
140, 30142, 22
141, 30765, 623
142, 30898, 133
143, 31257, 359
144, 31594, 337
145, 31594, 0
146, 31733, 139
147, 32033, 300
148, 32033, 0
149, 32033, 0
150, 32421, 388
151, 32421, 0
152, 32616, 195
153, 32745, 129
154, 32745, 0
155, 33368, 623
156, 33591, 223
157, 33741, 150
158, 33851, 110
159, 34211, 360
160, 34441, 230
161, 34676, 235
162, 34678, 2
163, 35015, 337
164, 35379, 364
165, 35458, 79
166, 35469, 11
167, 35469, 0
168, 35477, 8
169, 35526, 49
170, 35548, 22
171, 35548, 0
172, 35548, 0
173, 35549, 1
174, 35553, 4
175, 35553, 0
176, 35553, 0
177, 35668, 115
178, 35669, 1
179, 35675, 6
180, 35763, 88
181, 35763, 0
182, 35763, 0
183, 35763, 0
184, 35835, 72
185, 35920, 85
186, 35920, 0
187, 36065, 145
188, 36088, 23
189, 36088, 0
190, 36099, 11
191, 36122, 23
192, 36122, 0
196, 36122, 0
197, 36157, 35
198, 36167, 10
199, 36220, 53
200, 36225, 5
201, 36231, 6
202, 36241, 10
203, 36245, 4
204, 36245, 0
205, 36245, 0
206, 36311, 66
207, 36318, 7
208, 36544, 226
209, 36676, 132
210, 36676, 0
211, 37182, 506
212, 37167, -15
213, 37167, 0
214, 37189, 22
215, 37194, 5
216, 37209, 15
217, 37231, 22
218, 37231, 0
219, 37350, 119
220, 37450, 100
221, 37463, 13
222, 37575, 112
223, 37575, 0
224, 37614, 39
225, 37773, 159
226, 37835, 62
227, 37976, 141
228, 38096, 120
229, 38280, 184
230, 38280, 0
231, 37518, -762
232, 37518, 0
