Commit,Words,Delta
7, 621, 621
8, 772, 151
9, 776, 4
10, 977, 201
11, 977, 0
12, 977, 0
13, 977, 0
14, 1189, 212
15, 1837, 648
16, 1837, 0
17, 1837, 0
18, 1837, 0
19, 1839, 2
20, 1839, 0
21, 1839, 0
23, 2341, 502
24, 2341, 0
25, 2627, 286
26, 2627, 0
27, 2627, 0
28, 2627, 0
29, 2627, 0
30, 2882, 255
31, 2882, 0
32, 2915, 33
33, 2939, 24
34, 2951, 12
35, 3476, 525
36, 3476, 0
37, 3490, 14
38, 3490, 0
39, 3506, 16
40, 3910, 404
41, 3910, 0
42, 4063, 153
43, 4107, 44
44, 4107, 0
45, 4341, 234
46, 4417, 76
47, 4429, 12
48, 4442, 13
49, 4442, 0
50, 4681, 239
51, 4727, 46
52, 4826, 99
53, 4912, 86
54, 4953, 41
55, 5078, 125
56, 5468, 390
57, 5468, 0
58, 5503, 35
59, 5509, 6
60, 5509, 0
61, 5509, 0
62, 5958, 449
63, 5958, 0
64, 6035, 77
65, 6338, 303
66, 6383, 45
67, 6383, 0
68, 6955, 572
69, 6956, 1
70, 6971, 15
71, 7015, 44
72, 7486, 471
73, 7526, 40
74, 7535, 9
77, 8118, 583
78, 8118, 0
79, 8118, 0
80, 8118, 0
82, 8655, 537
85, 9095, 440
86, 9095, 0
87, 9496, 401
88, 9497, 1
89, 9965, 468
90, 10150, 185
91, 10150, 0
92, 10150, 0
93, 10651, 501
94, 10719, 68
95, 10719, 0
96, 10722, 3
98, 11062, 340
99, 11384, 322
100, 11481, 97
101, 12052, 571
102, 12073, 21
103, 12148, 75
104, 12148, 0
105, 12166, 18
106, 12166, 0
107, 12324, 158
108, 12324, 0
109, 12454, 130
110, 12631, 177
111, 12631, 0
112, 12706, 75
113, 13055, 349
114, 13060, 5
115, 13122, 62
116, 13122, 0
117, 13457, 335
118, 13459, 2
119, 13459, 0
120, 14024, 565
121, 14057, 33
122, 14057, 0
123, 14092, 35
124, 14156, 64
125, 14156, 0
126, 14156, 0
128, 14800, 644
129, 14800, 0
130, 14808, 8
131, 14894, 86
132, 14894, 0
133, 14894, 0
134, 14960, 66
135, 15250, 290
136, 15394, 144
137, 15394, 0
138, 15544, 150
139, 15594, 50
140, 15594, 0
141, 15594, 0
142, 15594, 0
143, 15594, 0
144, 15594, 0
145, 15594, 0
146, 15767, 173
147, 15967, 200
148, 16050, 83
149, 16119, 69
150, 16135, 16
151, 16232, 97
152, 16411, 179
153, 16660, 249
154, 16715, 55
155, 16742, 27
156, 17294, 552
157, 17295, 1
158, 17295, 0
159, 17316, 21
160, 17547, 231
161, 18042, 495
162, 18042, 0
163, 18042, 0
164, 18453, 411
165, 18453, 0
166, 18453, 0
167, 18774, 321
168, 18898, 124
169, 18979, 81
170, 19093, 114
171, 19099, 6
172, 19099, 0
173, 19388, 289
174, 19390, 2
175, 19394, 4
176, 20008, 614
177, 20034, 26
178, 20034, 0
179, 20317, 283
180, 20332, 15
181, 20384, 52
182, 20684, 300
183, 20763, 79
184, 21009, 246
185, 21157, 148
186, 21452, 295
187, 21465, 13
188, 21615, 150
189, 21615, 0
190, 21625, 10
191, 21625, 0
192, 21625, 0
193, 21910, 285
194, 22442, 532
195, 6401, -16041
196, 6405, 4
197, 23131, 16726
198, 23144, 13
200, 23499, 355
201, 23549, 50
202, 23549, 0
203, 23636, 87
204, 23677, 41
205, 23687, 10
206, 23730, 43
207, 23782, 52
208, 23955, 173
209, 24269, 314
210, 24317, 48
211, 24353, 36
212, 24505, 152
213, 24572, 67
214, 24617, 45
215, 25438, 821
216, 25483, 45
217, 25483, 0
218, 25631, 148
219, 25729, 98
220, 25736, 7
221, 26149, 413
222, 26201, 52
223, 26291, 90
224, 26957, 666
225, 26962, 5
226, 26962, 0
227, 27134, 172
228, 27247, 113
229, 27827, 580
230, 28009, 182
231, 28073, 64
232, 28481, 408
233, 28672, 191
234, 28672, 0
235, 28731, 59
236, 29037, 306
237, 29163, 126
238, 29265, 102
239, 29265, 0
240, 29387, 122
241, 29848, 461
242, 29852, 4
243, 29852, 0
244, 29852, 0
245, 29852, 0
246, 29852, 0
247, 29866, 14
248, 29866, 0
249, 29868, 2
250, 29915, 47
251, 30016, 101
252, 30016, 0
253, 30016, 0
254, 30016, 0
255, 30019, 3
256, 30019, 0
257, 30019, 0
258, 30019, 0
259, 30019, 0
260, 30019, 0
261, 30019, 0
262, 30019, 0
263, 30019, 0
264, 30019, 0
265, 30019, 0
